000010000 //spr0
000001000
000000001
000010000
000010100 //spr1
000001100
000000010
000000000
000000000 //spr2
000000000
000000000
000000000
000000000 //spr3
000000000
000000000
000000000
000000000 //spr4
000000000
000000000
000000000
000000000 //spr5
000000000
000000000
000000000
000000000 //spr6
000000000
000000000
000000000
000000000 //spr7
000000000
000000000
000000000
000000000 //spr8
000000000
000000000
000000000
000000000 //spr9
000000000
000000000
000000000
000000000 //spr10
000000000
000000000
000000000
000000000 //spr11
000000000
000000000
000000000
000000000 //spr12
000000000
000000000
000000000
000000000 //spr13
000000000
000000000
000000000
000000000 //spr14
000000000
000000000
000000000
000000000 //spr15
000000000
000000000
000000000